949
-2567
335
5495
-9943
4831
6217
9519
-8609
-3231
-9053
-2939
-8213
-3193
-7605
5167
-7211
-7401
3125
-4569
-8185
6903
5891
-5249
-4301
-4721
-1075
6287
407
-2213
-2163
577
6097
3709
2997
2483
-2753
-4535
4465
7619
-5481
-1967
9287
6077
3607
2173
-779
-8995
7421
5681
-6751
-1837
4217
-5209
2839
3485
4825
-1267
-2969
-39
6007
-3035
1687
-9815
-6429
-1849
-1303
-7819
-1059
3177
-3509
8945
-4059
-8037
9623
3147
2787
-3413
97
-5527
-1327
-7301
-5547
6737
-3505
9885
2637
8795
9929
-5265
-4409
-5643
4665
3969
5187
279
187
-2193
-8421
-8297
3731
7133
7017
5811
-6531
-4607
-9823
-327
-2991
-2153
-6359
-7805
4825
-6719
7583
5035
5967
-1835
-4819
4131
-5287
1775
1171
2053
-9693
8533
-7847
1627
-2255
4909
9893
-5587
6299
639
-4799
-4813
-7645
-7521
8843
-8601
2865
4881
-4005
-641
-6771
-9597
8705
-1601
9777
2493
-6793
-869
-1673
-8809
5543
-6897
895
2819
7549
-6025
-7417
1053
-3293
2929
1543
-1961
5541
-5747
-4801
-7857
-3775
7783
-7761
159
2121
-7023
3391
7109
-719
4169
9709
-4189
-797
-383
-1185
6093
-91
-8013
2053
451
-587
5965
-7197
-1865
-9983
-1325
1425
2201
-8857
21
7805
-2709
9793
1725
-7711
-2187
5277
3203
1241
-6251
-8663
-6073
-1483
-9287
-9957
9949
-5315
4929
5867
-3997
6615
6827
-1031
8165
5503
-9149
-6761
5477
-5043
-6643
-5851
-5793
-1261
-9859
-8411
-1065
8415
-4239
-6301
9203
1955
4607
2477
601
3843
-2511
-6287
5909
6173
4567
-5583
2981
-2577
4761
6039
-9891
7673
-4657
9165
5123
5949
-347
-5781
-1783
-1275
-7023
-5237
-3105
-2285
7153
9825
6225
1347
8561
7759
-2171
523
-3097
-3381
-8841
8841
5135
-4461
-8255
2063
2995
6443
6589
1657
7813
8763
-4777
-8677
7827
2329
6385
-849
4111
-8787
5479
7687
1755
4275
977
2313
2859
973
-3345
-2021
8631
4611
1631
-1279
-3957
-3333
-6271
-7691
6753
-8275
7007
1377
-681
9745
7213
717
5567
879
9583
-2945
945
-5121
4675
1497
2963
-8679
-941
-7109
-5517
9073
-5205
5159
-2503
7035
-9691
7155
3057
2373
-7991
9921
-4069
2065
973
-1953
-673
-7929
-9135
587
9745
-7009
-6253
-9099
-661
-1951
6995
5069
-8961
-9041
-1383
-7837
9591
8449
7049
-2365
-3501
6085
6179
6175
6987
3981
-3007
-7545
9549
8921
-3521
9817
-4823
9055
-1083
6181
2355
3003
-2489
3073
-3333
3687
-9865
6273
8017
-3611
-1441
7793
3973
-1977
-6131
347
-8863
2369
-3945
-2937
-2607
-3527
-7893
6969
-1797
2921
-5903
6377
2511
7573
599
5127
-3601
-3759
3769
-4525
4525
2097
7105
-4533
-5527
3183
-8311
-1797
-781
-7747
2611
3001
-8133
8647
7621
-7073
2083
-9273
-1921
-6241
-3805
-9585
-8701
-557
9215
-6527
-9097
-2343
-89
-977
-1491
4033
6023
3303
2089
-8773
6171
-4325
5373
-2783
2285
3249
-223
-4551
6185
-769
2643
-945
2597
-8895
-5449
-5329
-1495
-2727
3453
9147
